日付,摘要,入金,出金,残高
2024-04-25,管理費 101号室 田中様,28000,,5028000
2024-04-25,管理費・修繕費 202号室 山田,35000,,5063000
2024-04-26,303 サトウ,20000,,5083000
2024-04-26,管理費等 305号室,28000,,5111000
2024-04-26,カンリヒ 401,15000,,5126000
2024-04-27,Room 202 ヤマダ様 5月分,35000,,5161000
2024-04-27,管理費 修繕費 101 タナカ 5月分,28000,,5189000
2024-04-28,前受金返金 303号室,,-5000,5184000
2024-04-28,入金者不明 4月分,25000,,5209000
2024-04-29,管理費 999号室,30000,,5239000